Census year,Occupation,Total Weight,multirace,aian,white,hispanic,asian,black
2007,judge,1128029.0,0.008345530123782278,0.0021657244627576065,0.8704386146100854,0.04473555201151744,0.029629557396130775,0.044685021395726526
1990,bookbinder,37767.0,0.0006089972727513438,0.005613366166229777,0.7491196017687399,0.0987369926125983,0.019779172293271904,0.12614186988640877
1960,salesperson,402520.0,0.00024843486037960845,0.0005465566928351387,0.9741130875484448,0.013614230348802544,0.0040743317102255785,0.007403358839312332
2000,broker,2202877.0,0.011786858730650872,0.003497244739492945,0.8256470969554814,0.05654015181056409,0.027074139863460373,0.07545450790035031
2007,dancer,27296.0,0.03278868698710434,0.0,0.6200175849941383,0.13903135990621338,0.0672259671746776,0.14093640093786636
2005,technician,2750147.0,0.01443341028679558,0.006538559575179072,0.7308940213014068,0.08056805690750349,0.06785710000229078,0.09970885192682427
2008,mechanic,12957943.0,0.012271083458230986,0.005560064587411752,0.6148390219033993,0.2004758780000807,0.04393351629961638,0.12292043575126083
2000,salesperson,2601530.0,0.013655810234746477,0.0028060410604528875,0.8429516476842474,0.054230779579708864,0.037388382990009725,0.0489673384508347
2001,conservationist,47645.0,0.00686325952355966,0.0014272221639206632,0.8729142617273586,0.03559659985308007,0.017798299926540036,0.06540035680554097
1940,photographer,37344.0,0.0,0.0,0.9651885175664096,0.010711225364181662,0.0026778063410454155,0.021422450728363324
1850,draftsperson,104.24,0.0,0.0,1.0,0.0,0.0,0.0
1960,official,5437060.0,0.0004892349909693842,0.0003972735265014548,0.9633699094731344,0.01369490128856404,0.005359514149190923,0.01668916657163982
1950,author,15747.0,0.0,0.0,0.9973328253000572,0.0,0.0,0.0026671746999428463
2008,housekeeper,156346.0,0.021964105253732106,0.0025584281017742697,0.639613421513822,0.09953564529952796,0.05450731070830082,0.18182108912284292
1900,official,1409030.7300000018,0.0,9.763449232934745e-05,0.9775059341679512,0.003935797766454669,0.004489213659662331,0.013971419913602578
2015,bankteller,430230.0,0.01908514050624085,0.005262301559630895,0.6303535318318109,0.1745252539339423,0.0520721474560119,0.11870162471236316
2015,electrician,993868.0,0.016134939448699426,0.006504887973050748,0.7127928457300164,0.16766009168219523,0.019934236739687767,0.07697299842635039
1880,waitstaff,37214.100000000166,0.0,0.0006747442501632416,0.5014424640122965,0.006480876871938298,0.009605767706326327,0.4817961471592755
2000,economist,136159.0,0.018441674806659862,0.002761477390403866,0.8131816479263214,0.04446272372740693,0.07496382905279857,0.046188647096409345
2005,draftsperson,230541.0,0.01254440641794735,0.01096551155759713,0.8076133963156228,0.08464437995844556,0.046382205334409066,0.03785010041597807
1960,setter,204880.0,0.0,0.00029285435376805933,0.9772549785240141,0.01181179226864506,0.0012690355329949238,0.009371339320577899
1880,therapist,826.2800000000001,0.0,0.0,0.8607009730357748,0.018008423294766904,0.0,0.12129060366945828
1950,clerical,3154631.0,1.4898731420568682e-05,0.0003452067769574318,0.9497713044726943,0.013085207112971375,0.002121008764575001,0.034662374141381354
2006,therapist,660748.0,0.009870631466156538,0.0030268725747183496,0.8165639547906313,0.05176254790025849,0.0498904272127952,0.0688855660554402
1930,dietitian,5942.460000000001,0.0,0.0,0.9794899755320187,0.0069129619719779335,0.0,0.013597062496003336
2013,cabinetmaker,70024.0,0.0058836970181652005,0.002884725237061579,0.7668513652462013,0.17679652690506112,0.019736090483262882,0.027847595110247914
1980,fireperson,416140.0,0.0003844859902917287,0.008170327293699237,0.8508674965155957,0.039698178497620994,0.006007593598308262,0.09487191810448407
2004,nutritionist,91111.0,0.004884152297746704,0.01673782529003084,0.7183984370712647,0.022939052364698006,0.08439156633117845,0.15264896664508126
2001,therapist,562223.0,0.006920741413994091,0.002694660303829619,0.8363940998500595,0.03939717869955516,0.03995745460431181,0.07463586512824982
2001,laborer,6867471.0,0.014242215220129797,0.008980016078699131,0.5873649848685201,0.24612641247411166,0.01897496181636588,0.12431140954217353
1950,instructor,118019.0,0.0,0.0,0.9542107626738068,0.007498792567298486,0.001974258382124912,0.036316186376769845
1980,mathematician,6860.0,0.0029154518950437317,0.0029154518950437317,0.8629737609329446,0.026239067055393587,0.043731778425655975,0.061224489795918366
2011,accountant,2447898.0,0.012825697802767926,0.003652521469440312,0.7239893165483202,0.06891749574532925,0.1065591785278635,0.08405578990627878
1960,cashier,827100.0,0.00045943658566074237,0.0006770644420263571,0.9434167573449401,0.023189457139402733,0.006117760851166727,0.02613952363680329
2002,compositor,87318.0,0.004386266291028196,0.011795964176916559,0.7510822510822511,0.07353581163104973,0.041320231796422274,0.11787947502233216
1930,official,3193972.909999998,0.0,0.00029527802100237627,0.9701684539334431,0.008075531861665047,0.006014910126460659,0.0154458260574289
1980,carpenter,1558900.0,0.0007697735582782732,0.010225158765796395,0.8770799923022644,0.052934761690935916,0.007235871447815768,0.05175444223490923
1910,physicist,100.0,0.0,0.0,1.0,0.0,0.0,0.0
1990,waitstaff,2047471.0,0.0006319991833828171,0.00761671349679678,0.8254168190904779,0.07239760660834757,0.040394222921838696,0.05354263869915618
2004,instructor,1380024.0,0.014141058416375368,0.003421679622963079,0.7775864767569259,0.0519773569155319,0.09388025135794739,0.05899317693025628
1950,smith,137532.0,0.0,0.0,0.9745222929936306,0.009154233196637874,0.0007998138615013233,0.01552365994823023
1970,lumberjack,264500.0,0.0003780718336483932,0.007939508506616257,0.8018903591682419,0.03100189035916824,0.0011342155009451795,0.15765595463137996
2010,weaver,14695.0,0.003402517863218782,0.0036747192922762842,0.681524328002722,0.05382783259612113,0.06226607689690371,0.19530452534875808
1950,bailiff,20117.0,0.0,0.0,0.9638117015459562,0.023214196947855047,0.0,0.012974101506188796
2007,cashier,4884835.0,0.02029075700612201,0.009791732985863392,0.5827091396126993,0.15468669873189167,0.05670938731809774,0.1758122843453259
1990,laborer,7676001.0,0.0009455444312735238,0.010893172108758193,0.6805483740817647,0.15043327899514344,0.015468471147932367,0.14171115923512778
2009,cook,5365084.0,0.019843864513584504,0.00861924995023377,0.5276457926846998,0.22886463660214826,0.0562276378151768,0.15879881843415686
1880,plasterer,25290.92000000008,0.0,0.0,0.9215406161578941,0.002755138998502221,0.0,0.07570424484360375
2000,bankteller,528150.0,0.017368171920855817,0.00413140206380763,0.7295616775537253,0.09739846634478841,0.05343557701410584,0.09810470510271703
1980,artist,180120.0,0.0013324450366422385,0.0071063735287586055,0.9012880302020875,0.03564290473017988,0.02143015767266267,0.03320008882966911
1920,cashier,84521.79000000001,0.0,0.0,0.9892043223410202,0.004782198767915349,0.0023963051421414527,0.0036171737489232064
2001,photographer,215623.0,0.02695445291086758,0.006733975503540902,0.8242812686958256,0.08125756528756209,0.01828190870176187,0.04249082890044197
2000,setter,143377.0,0.012059116873696618,0.003843015267441779,0.8959875014821066,0.04199418316745364,0.01205214225433647,0.03406404095496488
2003,upholsterer,68430.0,0.008519655122022504,0.001972818939061815,0.5870378488966828,0.28204004091772616,0.010185591115008037,0.11024404500949876
1870,author,511.65999999999997,0.0,0.0,1.0,0.0,0.0,0.0
1960,plasterer,60120.0,0.0006653359946773121,0.0013306719893546241,0.7854291417165669,0.042248835662009314,0.001996007984031936,0.16833000665335995
1960,artist,130740.0,0.0007648768548263729,0.0004589261128958238,0.9499770536943553,0.02065167508031207,0.008719596145020651,0.019427872112589874
2011,draftsperson,210302.0,0.013114473471483866,0.005967608486842731,0.7675675932706298,0.11248585367709295,0.0603180188490837,0.04054645224486691
1880,conductor,19636.919999999987,0.0,0.0,0.9964047314955706,0.002039525546776176,0.0,0.001555742957653238
2005,paperhanger,13017.0,0.0,0.017438733963278788,0.8683260351847584,0.07159867865099485,0.035338403626027505,0.007298148574940462
2015,physician,979939.0,0.02026758808456445,0.0014235579969773629,0.6731133264417479,0.06607656190844532,0.19595097245848977,0.0431679931097752
1860,therapist,312.64,0.0,0.0,0.6877878710337769,0.0,0.0,0.31221212896622313
2014,engineer,3309479.0,0.018266621422888617,0.002721576417315233,0.7409942773469782,0.06418351649912267,0.11754418142553556,0.056289826888159734
2001,mason,224052.0,0.0060744827093710384,0.006851088140253155,0.6661176869655259,0.22050238337528788,0.004168675128987913,0.09628568368057415
2006,painter,254818.0,0.013966831228563131,0.0031002519445251123,0.593211625552355,0.2598913734508551,0.017377108367540754,0.11245280945616087
1910,attendant,44333.0,0.0,0.0068120812938443145,0.884803645140189,0.015789592402950397,0.0,0.09259468116301627
2008,author,232956.0,0.01494273596730713,0.0058165490478888715,0.8585312247806453,0.03610123800202614,0.02924586617215268,0.05536238602997991
2007,fireperson,423384.0,0.014795079644011111,0.01686176142697882,0.7924744440035524,0.07748521436804413,0.013441698316421972,0.08494180224099163
2012,shoemaker,227009.0,0.0198009770537732,0.003621001810500905,0.5552995696205877,0.36001656321996045,0.014488412353695228,0.0467734759414825
2000,proprietor,18425081.0,0.01492291947047614,0.005082365716601192,0.8033044196657806,0.07240988519941921,0.03756021479634201,0.06672019515138088
2015,doctor,979939.0,0.02026758808456445,0.0014235579969773629,0.6731133264417479,0.06607656190844532,0.19595097245848977,0.0431679931097752
2008,therapist,717424.0,0.010615758603001851,0.002723633444100002,0.8142200428198666,0.049212181359976806,0.054861560248890474,0.06836682352416423
2003,porter,79292.0,0.015638399838571355,0.002030469656459668,0.49904151742924885,0.2295691873076729,0.07027190637138678,0.18344851939666046
1970,scientist,484200.0,0.0018587360594795538,0.0016522098306484924,0.9097480380008262,0.026228831061544815,0.02973977695167286,0.03077240809582817
2008,bartender,502597.0,0.02384813279824591,0.006669359347548831,0.813100754680191,0.09637144670581002,0.022465315153094825,0.03754499131510932
2011,welder,714507.0,0.012247605691756694,0.011644392567182686,0.671458782069315,0.1998328917701296,0.0264000212734095,0.07841630662820658
2014,driver,5473325.0,0.01583169280099391,0.00576559952131474,0.619891930407933,0.16628648947394864,0.030202664742181397,0.16202162305362827
1880,tradesperson,761236.2800000072,0.0,0.0002522738406529944,0.9630784807050976,0.0034255592757612323,0.00027129552995030403,0.03297239064853787
1970,bartender,506400.0,0.0005924170616113745,0.001382306477093207,0.9135071090047393,0.034557661927330174,0.009478672985781991,0.04048183254344392
2003,athlete,284021.0,0.023779931765608883,0.00287654786089761,0.7824139764313203,0.06486492195999592,0.025976952408448672,0.10008766957372871
2010,millwright,64281.0,0.009116224078654657,0.006922729889080755,0.9172228185622501,0.03279351596894883,0.0010267419610771457,0.03291796953998849
2015,laborer,8555210.0,0.017358662148562104,0.007909916881058443,0.5147714667436568,0.3148631068085997,0.021897767559183233,0.12319907985893976
1880,lumberjack,11622.250000000004,0.0,0.0,0.9693527501129299,0.003899417066402804,0.0,0.026747832820667238
1880,clergy,74727.14999999989,0.0,0.0002673727018894743,0.8964392459768636,0.002970406338258589,0.0012478730956553292,0.09907510188733297
1900,inspector,30933.150000000012,0.0,0.0,0.9878906609899089,0.003176204169313502,0.0,0.00893313484077761
2015,conservationist,46974.0,0.014816707114574019,0.009728786137011964,0.8195810448333121,0.10005534976795674,0.01021841869970622,0.045599693447439006
2003,bankteller,543160.0,0.015001104646881213,0.0034593858163340452,0.7312762353634288,0.12600338758376906,0.04823256499005818,0.07602732159952869
1910,salesperson,157970.0,0.0,0.0,0.9904792049123251,0.0031714882572640374,0.0,0.006349306830410837
1970,sailor,80300.0,0.0049813200498132005,0.0037359900373599006,0.7945205479452054,0.0821917808219178,0.0224159402241594,0.0921544209215442
2002,cook,4234632.0,0.019605481656965705,0.0070055674259298095,0.5570573783034748,0.20971668848674455,0.050797094056815324,0.15581779007006985
2011,gardener,1900070.0,0.013762650849705536,0.00639923792281337,0.5123790176151405,0.35720420826601124,0.011938507528669996,0.09831637781765935
1960,stereotyper,9900.0,0.0,0.0,0.9838383838383838,0.010101010101010102,0.0,0.006060606060606061
1850,athlete,104.87,0.0,0.0,1.0,0.0,0.0,0.0
1980,judge,566600.0,0.0008471584892340275,0.002682668549241087,0.9404165195905401,0.01969643487469114,0.008048005647723261,0.02830921284857042
1950,veterinarian,17947.0,0.0,0.0,0.9633922103972808,0.012871231960773388,0.0,0.023736557641945728
1920,musician,122727.34000000003,0.0,0.0008580810111259641,0.9408378768740527,0.01967890773156168,0.0007798588317810846,0.037845275551478576
1910,surgeon,140010.0,0.0,0.0007213770444968216,0.9777730162131276,0.0014284693950432112,0.0028640811370616386,0.017213056210270694
1920,pharmacist,72940.63999999994,0.0,0.0,0.9837297835609888,0.002711794138356891,0.004017787614696008,0.009540634685958345
1970,painter,353600.0,0.0002828054298642534,0.003110859728506787,0.7898755656108597,0.06985294117647059,0.004524886877828055,0.1323529411764706
2003,soldier,712263.0,0.018722017007762583,0.0046527757303131,0.6964758803981114,0.08510339579621573,0.03593616402929817,0.15910976703829904
2014,conductor,60484.0,0.007737583493155215,0.0034719925930824683,0.7683519608491501,0.06815025461279016,0.010845843528867138,0.14144236492295484
2005,inspector,312840.0,0.013348676639815881,0.006223628691983122,0.7627413374248817,0.08155926352128884,0.034253931722286156,0.10187316199974428
2015,proprietor,22543230.0,0.017080649046299044,0.004640328825993436,0.7328997220007958,0.11039079138171416,0.059002370112889765,0.0759861386323078
1960,shoemaker,42800.0,0.0009345794392523365,0.003738317757009346,0.8429906542056075,0.03551401869158879,0.002336448598130841,0.11448598130841121
2004,clerk,747634.0,0.02042175716995214,0.008137671641471628,0.5938480593445455,0.20581594737532,0.03759593597936958,0.13418062848934104
1870,clergy,51905.68999999997,0.0,0.0,0.9586299690843143,0.0040303866493249605,0.0,0.03733964426636081
2011,shoemaker,231039.0,0.018711126692896006,0.006185102947987136,0.5183583723960024,0.3905747514488896,0.022727764576543356,0.04344288193768152
2010,boilermaker,30655.0,0.01908334692546077,0.014320665470559452,0.7419996737889415,0.10875876692219866,0.009753710650791062,0.1060838362420486
1850,painter,2695.1099999999997,0.0,0.0,1.0,0.0,0.0,0.0
2014,plasterer,36511.0,0.006737695489030703,0.010873435403029224,0.30168990167346826,0.5772233025663499,0.01536523239571636,0.08811043247240558
1980,surveyor,101380.0,0.00019727756954034326,0.011244821463799567,0.9084632077332807,0.03689090550404419,0.009272045768396133,0.03393174196093904
2014,clerical,13990581.0,0.02173340764046897,0.005678391769434021,0.6244759956716593,0.15552377703256212,0.047386309403447936,0.14520211848242756
1930,police,174000.42000000112,0.0,0.00204401805466905,0.9823565368405434,0.005222228773930512,0.002213327990817479,0.008163888340039584
2015,guard,1942441.0,0.02290622984173007,0.009693473315277016,0.5181176674092032,0.15212508385068066,0.03093736180403935,0.26622018377906975
1880,toolmaker,1265.1000000000001,0.0,0.0,0.9836376571022053,0.007841277369377914,0.0,0.008521065528416725
1980,clerk,593420.0,0.000640355903070338,0.0041117589565569075,0.7650904923999865,0.08381921741768056,0.011998247447002123,0.13433992787570354
1860,cabinetmaker,35785.140000000014,0.0,0.0,0.9917158351203881,0.002790543784375301,0.0,0.005493621095236736
2010,mechanic,12585193.0,0.013967445711797984,0.005595464447783995,0.6085254314335903,0.2059311287478865,0.04469689102105943,0.12128363863788183
1900,plumber,90527.72999999738,0.0,0.0,0.9840992367752949,0.002394073064684227,0.0,0.013506690160020969
2009,photographer,253396.0,0.022616773745441916,0.0029676869405989045,0.7668313627681573,0.09930701352823249,0.04367472256862776,0.06460244044894158
1860,operator,3963.7999999999997,0.0,0.0,1.0,0.0,0.0,0.0
1960,midwife,2040.0,0.0,0.0,0.18627450980392157,0.058823529411764705,0.00980392156862745,0.7450980392156863
2006,lumberjack,67837.0,0.0019753232012028835,0.009817651134336719,0.7115143653168625,0.13974674587614427,0.007178973126759733,0.1297669413446939
2011,sales,8541534.0,0.017610302786361325,0.0036430224360167623,0.7257593308180943,0.1204596270412317,0.04362588734061118,0.08890182957768476
2005,typesetter,68938.0,0.007339928631523978,0.0029736865009138648,0.733049986944791,0.10943166323363022,0.05542661521947257,0.09177811946966839
1950,artist,83250.0,0.0009969969969969969,0.0,0.9571651651651651,0.01521921921921922,0.004096096096096096,0.02252252252252252
2001,cook,4169103.0,0.018623910227211944,0.00754790658805983,0.5635192989954914,0.1970651720525974,0.05079653824815554,0.16244717388848393
1930,clergy,181951.52000000066,0.0,0.0010956215150057516,0.8488733702252121,0.007318432954008822,0.003992876783881758,0.13871969852189142
1850,welder,104.03,0.0,0.0,1.0,0.0,0.0,0.0
2009,jeweler,120372.0,0.01281859568670455,0.025105506263915195,0.6709866081813046,0.16241318579071545,0.0787226265244409,0.04995347755291928
1950,statistician,24374.0,0.0,0.0,0.9595060310166571,0.005620743415114466,0.004513005661770739,0.0303602199064577
2000,bailiff,11802.0,0.021182850364345026,0.030503304524656837,0.7433485849855956,0.07244534824605998,0.022538552787663108,0.10998135909167937
2000,compositor,99786.0,0.014641332451446094,0.0055117952418174895,0.7784458741707253,0.0897119836450003,0.025835287515282704,0.08585372697572806
1850,tailor,55955.97999999997,0.0,0.0,0.9945705534958016,0.001985310595936307,0.0,0.003444135908262175
2005,doctor,860598.0,0.014356296435734222,0.0025610099024166917,0.7069316916841545,0.05249140713782742,0.17648890655102614,0.047170688288841016
1850,typesetter,16125.669999999993,0.0,0.0,1.0,0.0,0.0,0.0
1870,fireperson,5395.1900000000005,0.0,0.0,0.8699100495070609,0.0,0.0,0.1300899504929391
2012,instructor,1711168.0,0.020495357556943563,0.0023241435089950257,0.7362532492426226,0.06136393387440625,0.11782829038411191,0.06173502543292067
2010,conductor,49768.0,0.011071371162192574,0.005023308149815142,0.7768847452178106,0.040769168943899696,0.004440604404436586,0.16181080212184537
1950,nurse,639626.0,0.0,0.0021496937272718745,0.9398195195317264,0.007265183091369019,0.00038928999133868857,0.050376313658294064
1900,conductor,82475.06999999983,0.0,0.0,0.9956818466477203,0.0019271277975271839,0.0,0.0023910255547524894
1910,guard,94578.0,0.0,0.0,0.9607519719173592,0.002114656685487111,0.0010573283427435555,0.03607604305441012
2007,lawyer,1128029.0,0.008345530123782278,0.0021657244627576065,0.8704386146100854,0.04473555201151744,0.029629557396130775,0.044685021395726526
2012,physician,942155.0,0.02107933407984886,0.001662146886658777,0.6795782010391072,0.06384936661165094,0.18450785698743838,0.04932309439529589
2013,conductor,57599.0,0.030104689317522873,0.002621573291202972,0.733866907411587,0.07621660098265595,0.011007135540547578,0.14618309345648361
2010,soldier,1135782.0,0.027264034823584103,0.008687406562174784,0.667997027598606,0.12631913518615367,0.03552618372187621,0.13420621210760517
1990,technician,2725160.0,0.0006906016527469947,0.005382803211554551,0.7922444920665208,0.058975619780123,0.05413406919226761,0.08857241409678698
2013,doctor,968766.0,0.01936587369911826,0.0010115961955725118,0.6616035244837246,0.06404332934888302,0.20094842304540003,0.053027253227301535
2011,housekeeper,146091.0,0.0157093866151919,0.0067834431963639105,0.6339747143903457,0.09022458604568385,0.06915552635001472,0.1841523434023999
1870,welder,289.9,0.0,0.0,1.0,0.0,0.0,0.0
2003,bartender,446086.0,0.02135014324592119,0.008547679147070296,0.8395287007438028,0.07436682612769735,0.032316638495716074,0.023890012239792327
1870,auctioneer,1830.2700000000004,0.0,0.0,1.0,0.0,0.0,0.0
1950,mathematician,2309.0,0.0,0.0,0.9857080987440451,0.0,0.0,0.01429190125595496
2001,librarian,2419653.0,0.009855132120184176,0.004393605198761971,0.7954458759169186,0.06914751825984966,0.04029420747520409,0.08086366102908145
1980,bookbinder,38240.0,0.0015690376569037657,0.0036610878661087866,0.8148535564853556,0.07374476987447699,0.00993723849372385,0.09623430962343096
2003,laborer,6930522.0,0.01249285407361812,0.008878696294449394,0.5761541482733913,0.26023249042424224,0.01795781039292567,0.12428400054137337
1950,stereotyper,20775.0,0.0,0.0022623345367027677,0.9440673886883273,0.022815884476534296,0.0,0.03085439229843562
1960,tradesperson,4093400.0,0.0006840279474275663,0.0013827136365857234,0.9171837592221626,0.024947476425465385,0.0037328382273904333,0.052069184540968386
1860,clergy,38892.810000000005,0.0,0.0,0.9883924560863564,0.003937488702924781,0.0,0.007670055210718896
2001,instructor,1266752.0,0.012550207143939777,0.004398651038245845,0.7938925693426969,0.03979547693629061,0.08553055373111706,0.0638325418077098
2004,typesetter,68913.0,0.01761641489994631,0.007037859329879703,0.7408906882591093,0.13238431065256193,0.018530611060322437,0.08354011579818031
2003,veterinarian,66714.0,0.011316964954882033,0.0041520520430494345,0.9014149953532992,0.017957250352249904,0.03921215936684954,0.025946577929669933
1850,engineer,11237.489999999993,0.0,0.0,0.9926424851101091,0.0,0.0,0.007357514889890898
1900,therapist,3227.790000000001,0.0,0.0,0.9575003330452105,0.0,0.0,0.04249966695478949
1960,doorkeeper,368420.0,0.0011400032571521634,0.0014114326040931546,0.9346398132566093,0.013842896693990555,0.002551435861245318,0.046414418326909505
2008,tradesperson,6559046.0,0.012174331450030995,0.00734405582763103,0.6835594688617826,0.1958966288695033,0.02327304915989307,0.07775246583115898
1990,porter,45724.0,0.00043740705100166216,0.0033461639401627156,0.552095179774298,0.1236331029656198,0.05793456390517015,0.2625535823637477
1990,chemist,157320.0,0.001188660055936944,0.001970505975082634,0.8120455123315535,0.03166158148995678,0.09624332570556828,0.056890414441901856
2002,teacher,6159527.0,0.011462568473196075,0.004371764260470001,0.8036058612942195,0.06459440797970363,0.020308864625481794,0.09565653336692899
1920,attendant,62909.29999999999,0.0,0.0,0.8837092448970184,0.008134727297871699,0.006462637479673118,0.1016933903254368
2007,chemist,103566.0,0.014454550721279184,0.0016028426317517331,0.7257401077573721,0.04810459030956105,0.15541780120889095,0.05468010737114497
1900,janitor,61268.16000000006,0.0,0.0003246384418921668,0.8033923329833962,0.0044884651342557,0.0051516154557277325,0.18664294798472825
2000,cabinetmaker,102458.0,0.010745866598996663,0.0036307560170996895,0.7939936364168733,0.13032657283960256,0.013995978840110094,0.04730718928731773
2013,jeweler,129835.0,0.019609504370932337,0.02329880232602919,0.6726152424230755,0.15186968074864252,0.07497207994762584,0.05763469018369469
1950,athlete,54854.0,0.0,0.0,0.9479527472928136,0.009534400408356729,0.0,0.04251285229882962
2008,dentist,184884.0,0.014679474697648255,0.001152073732718894,0.765490794227732,0.056018909153847815,0.13357023863611778,0.029088509551935267
2009,accountant,2488038.0,0.012160184048635914,0.0038564523532196855,0.7329691106004008,0.06991734049078029,0.10274642107556235,0.07835049143140096
2007,doorkeeper,1864384.0,0.01788365486938313,0.008967573203803508,0.5695521952559129,0.12315864113830627,0.02773194792489101,0.25270598760770313
2007,statistician,68088.0,0.009928328046058043,0.0009252731758900247,0.7850722594289743,0.0220009399600517,0.12539654564681002,0.056676653742215956
1850,surgeon,42876.95999999994,0.0,0.0,0.9977017960228524,0.002298203977147637,0.0,0.0
1900,lumberjack,38749.210000000014,0.0,0.0,0.9538333813773234,0.004010662410923989,0.0,0.042155956211752436
1920,economist,100.6,0.0,0.0,1.0,0.0,0.0,0.0
1930,student,250652.9699999992,0.0,0.010199440285906079,0.9292441258525679,0.01801247358050461,0.005073309125361666,0.03747065115565975
2010,bartender,511790.0,0.022104769534379336,0.008468317083178648,0.782725336563825,0.12175306277965572,0.020016022196604075,0.04493249184235722
2005,designer,957604.0,0.013601655799265666,0.0030263031482742346,0.7929290186757783,0.08456105028801049,0.06724700398076867,0.03863496810790264
1850,driver,38747.40000000008,0.0,0.0,0.9273909991380067,0.009428761671750859,0.0,0.06318023919024231
1930,postmaster,35932.79999999993,0.0,0.0011159720366907136,0.9872200329503963,0.006614291121204038,0.0011215379820108669,0.003928165909698111
2001,driver,4814880.0,0.014841283687236235,0.006792692652776393,0.6904284218921344,0.11881666832818263,0.019821677798823645,0.1492992556408467
1900,accountant,12404.300000000028,0.0,0.0,0.9920833904371871,0.0063373185105164995,0.0,0.0015792910522963775
1960,statistician,28840.0,0.0020804438280166435,0.0006934812760055479,0.9646324549237171,0.011095700416088766,0.008321775312066574,0.013176144244105409
1850,administrator,6004.529999999998,0.0,0.0,0.9690233873425563,0.030976612657443642,0.0,0.0
1980,operator,2374760.0,0.0009853627313918037,0.006526975357509812,0.8122336572958951,0.04958816890970035,0.017197527329077464,0.11346830837642541
1980,tailor,77840.0,0.0023124357656731757,0.003083247687564234,0.6932168550873586,0.15724563206577596,0.041109969167523124,0.10303186022610483
1880,paperhanger,4684.429999999998,0.0,0.0,0.9796624135700609,0.0032341181317684345,0.0,0.017103468298170756
2015,inspector,439037.0,0.01743361037907967,0.005334402339666133,0.6944380541958878,0.1106284891706166,0.050250890016103424,0.12191455389864636
2004,doorkeeper,1735932.0,0.013947550940935475,0.010553984833507304,0.590948262950392,0.11872815294608315,0.023167958191910743,0.24265409013717126
2006,technician,2820391.0,0.013625770327589331,0.004866701106335965,0.7251374011617538,0.08918408830548673,0.06726868721393595,0.09991735188489823
2013,mailperson,687236.0,0.018567129777834687,0.005688002374730078,0.6497651461797694,0.12621282936283898,0.04780599386528063,0.15196089843954624
1940,surveyor,19258.0,0.0,0.005192647211548447,0.9706096167826358,0.0,0.0,0.024197736005815765
2009,geologist,86907.0,0.014452230545295547,0.015016051641409784,0.8391153762067497,0.032540531832878826,0.03995075195323737,0.058925057820428735
2002,administrator,509439.0,0.009166946386122775,0.009263130620152757,0.7331927865750365,0.08300503102432283,0.0422857299892627,0.12308637540510248
2012,setter,75093.0,0.002543512710905144,0.0022505426604343946,0.8803084175622229,0.05719574394417589,0.017671420771576577,0.04003036235068515
1950,manager,4530167.0,3.289061970563116e-05,0.00028387474457343404,0.9654193763717761,0.009664985860344663,0.003807806643772735,0.020791065759827396
2006,professor,1451095.0,0.0148012363077538,0.0032499595133330347,0.7584355262749854,0.04902366833322422,0.11772833618749978,0.05676127338320372
2000,mailperson,768727.0,0.015135412181437623,0.0059579018299084074,0.7287034278749153,0.08275369539511426,0.03669833373876552,0.1307512289798589
2005,tradesperson,6535608.0,0.011756672064787239,0.008094120700017504,0.6985484747555238,0.1826618120303421,0.022212317507414765,0.07672660294191451
2013,proprietor,21334457.0,0.017025790719679437,0.004217215371359112,0.7446565900411715,0.10376537823296839,0.055256198927397124,0.07507882670742452
1970,eletrotyper,17000.0,0.0,0.0,0.9352941176470588,0.01764705882352941,0.0058823529411764705,0.041176470588235294
2009,machinist,453811.0,0.009700073378565086,0.005782142786314126,0.767859307068361,0.11554149194268098,0.04064908078473197,0.06046790403934678
1850,peddler,11253.869999999995,0.0,0.0,1.0,0.0,0.0,0.0
1960,mason,235840.0,0.0010176390773405698,0.0023744911804613297,0.8529511533242876,0.02433853459972863,0.004409769335142469,0.11490841248303935
2008,chiropractor,82654.0,0.01512328501947879,0.002601205023350352,0.8444963341157112,0.03434800493624023,0.0788588574055702,0.02457231349964914
2005,lumberjack,62607.0,0.020301244269810084,0.01672336959125976,0.6674652994074145,0.17074767997188814,0.02226588081204977,0.10249652594757774
2007,sales,8775316.0,0.013760871973157434,0.004246912589814429,0.7563833598698896,0.09654843198809022,0.04321713314939314,0.08584329042965519
1960,instructor,193840.0,0.0044366487825010315,0.0005158893933140734,0.9419108543128353,0.01516714816343376,0.00990507635163021,0.028064382996285598
2001,mailperson,829313.0,0.015141448403678707,0.0030531295180468653,0.7336108320983754,0.09066058291622102,0.034423673570774846,0.12311033349290317
2015,bartender,531168.0,0.026861557925176215,0.007208642086872703,0.7573498403518284,0.1347464455690102,0.02403759262606181,0.04979592144105067
2009,farmer,848207.0,0.009608503584620265,0.0037608744091949253,0.8899478547099942,0.07185628036552398,0.012910763528242516,0.011915723402424172
2008,pilot,153705.0,0.010025698578445723,0.0030447935981262808,0.8818255749650304,0.0453531114797827,0.03360983702547087,0.02614098435314401
2001,dancer,32352.0,0.05616345202769535,0.005934718100890208,0.7605403066271019,0.07851137487636003,0.06237636003956479,0.036473788328387734
1900,instructor,8230.199999999997,0.0,0.0,0.9808388617530557,0.0047362154018128376,0.0,0.01442492284513135
1900,guard,58397.95999999989,0.0,0.0,0.9560940142429631,0.0033617612670031687,0.00032792241372815137,0.04021630207630549
1940,pilot,7178.0,0.0,0.0,1.0,0.0,0.0,0.0
1860,auctioneer,1903.9599999999996,0.0,0.0,1.0,0.0,0.0,0.0
1950,dentist,73743.0,0.0,0.0,0.9596978696283037,0.00808212304896736,0.0052072739107440705,0.027012733411984867
2011,paperhanger,6579.0,0.005319957440340477,0.014895880832953337,0.9162486700106399,0.06140750873993008,0.0,0.002127982976136191
2012,conservationist,52864.0,0.010309473365617433,0.008096246973365617,0.8905682506053268,0.04309170702179177,0.002459140435835351,0.04547518159806296
2009,operator,1696338.0,0.014909174940371554,0.008376278784063081,0.7084319280709387,0.11550351404024434,0.033673713611320384,0.11910539055306195
1920,secretary,669118.7300000003,0.0,0.00029743600212775375,0.9908830081620941,0.004537640128531447,0.0006172297702681254,0.0036646859369786275
1990,electrician,799198.0,0.0006031046123739049,0.006069835009597121,0.8597281274477664,0.057879273972157086,0.014697233977062005,0.061022424981043495
2007,designer,960363.0,0.014010327344972682,0.002751043095162975,0.7874668224410978,0.08950782152165379,0.061552767026634723,0.04471121857047804
2008,doorkeeper,1952279.0,0.015835851330675586,0.01085705475498123,0.5650099191765111,0.131489402897844,0.026141755353614928,0.2506660164863731
2011,weaver,15537.0,0.008431486129883503,0.04852931711398597,0.557700971873592,0.10793589496041707,0.04415266782519148,0.2332496620969299
2001,administrator,459081.0,0.018748325458905944,0.012607796881160406,0.7221448938204805,0.09661911514525759,0.04313617858286446,0.10674369011133111
1990,inspector,270898.0,0.0005721710754601363,0.0069029671684545475,0.8007109687040879,0.0640647033200688,0.023942590938286736,0.10380659879364189
1920,clergy,162608.44999999992,0.0,0.0026340574551937507,0.8743863556906173,0.0030550687864007078,0.0025103246479503383,0.11741419341983776
1860,bankteller,978.21,0.0,0.0,1.0,0.0,0.0,0.0
1960,mailperson,879120.0,0.0004777504777504777,0.0007962507962507963,0.8838383838383839,0.025707525707525707,0.004413504413504413,0.08476658476658476
1960,doctor,241920.0,0.0030588624338624337,0.00033068783068783067,0.9344411375661376,0.024305555555555556,0.017609126984126984,0.02025462962962963
1980,scientist,344440.0,0.0015677621646730925,0.003135524329346185,0.8833468818952502,0.022355127162931136,0.05063291139240506,0.03896179305539426
2014,lawyer,1230641.0,0.015201021256402152,0.0014756537446745234,0.8356864430812885,0.05108313472409907,0.04566156986481029,0.05089217732872544
1910,proprietor,1910672.0,0.0,0.0007327264962275053,0.9732905490843012,0.0049343895760235144,0.007242478039140156,0.013799856804307594
2000,professor,1345001.0,0.017027496633831497,0.004049811115382071,0.7958469919353219,0.04534643468666566,0.08168469763219507,0.05604456799660372
2014,mailperson,692105.0,0.016062591658780098,0.005623424191416042,0.6461086106876847,0.11980407597113155,0.0556895268781471,0.15671177061284053
1940,huckster,58064.0,0.0,0.0,0.8794261504546708,0.032911959217415264,0.003444475062000551,0.08421741526591348
1870,student,1918931.1999999902,0.0,0.0004209739254851889,0.9650893997658695,0.0019932032998369194,0.0,0.03249642300880842
1950,upholsterer,67493.0,0.0,0.0,0.9254293037796513,0.041441334656927384,0.0,0.03312936156342139
2012,machinist,429227.0,0.01181193168183735,0.002008261362868599,0.7705526446379188,0.11396533768844924,0.04474555421723237,0.05691627041169358
2003,nutritionist,103996.0,0.006759875379822301,0.0032212777414515944,0.6680930035770607,0.03782837801453902,0.052896265240970804,0.23120120004615563
2002,boilermaker,23558.0,0.04635368027846167,0.011461074794125137,0.7734103064776296,0.06698361490788692,0.01668223108922659,0.08510909245267001
2008,newsperson,790939.0,0.01593043205607512,0.0034149283320205476,0.7818883630722471,0.09672300898046499,0.033173228276769766,0.06887003928242254
2001,statistician,52749.0,0.008682629054579234,0.0,0.80860300669207,0.031659367950103316,0.10788830120002275,0.043166695103224705
1990,salesperson,1524383.0,0.0003253775461940995,0.003046478476865722,0.9034055089829787,0.03499842231250283,0.021257125013858066,0.036967087667600596
2002,psychologist,187740.0,0.018179397038457442,0.0,0.9056461063172473,0.020725471396612336,0.02439544050282305,0.031053584744859912
1940,newsperson,118554.0,0.0,0.0,0.9644212763803837,0.009084467837441166,0.0016869949558850818,0.024807260826290128
1900,nurse,115193.25999999909,0.0,0.0,0.7800768031046229,0.004923725572138548,0.0003400372556519393,0.2146594340675867
1990,secretary,5869301.0,0.0005031263518432604,0.0055974297450411895,0.837504500109979,0.05608402090811154,0.01817269211444429,0.08213823077058069
1870,bookbinder,5995.980000000002,0.0,0.0,0.9876950890429922,0.0,0.0,0.012304910957007857
2007,bailiff,14134.0,0.02886656289797651,0.02532899391538135,0.5684165841233904,0.18260931088156218,0.020800905617659543,0.17397764256403
2008,manager,21891515.0,0.012912993915679202,0.0044584397196813464,0.7687563423545607,0.09548708712028382,0.04635554003457504,0.07202959685521994
1920,clerical,1280798.7700000007,0.0,0.0,0.9816631694610387,0.005212911002405161,0.0018464805365170666,0.011277439000039007
2003,plumber,645452.0,0.008786090987401077,0.00741960672520962,0.7449492758562991,0.14357070703940805,0.013142727886814202,0.0821315915048679
1920,doctor,135427.54000000012,0.0,0.0007482229980696681,0.9660300260936588,0.009847110860907603,0.0030222804017557992,0.020352359645608255
2004,doctor,842245.0,0.009715700300981307,0.0017583957162108413,0.7032597403368378,0.062293038248965565,0.18039762776864215,0.0425754976283623
2000,typesetter,99786.0,0.014641332451446094,0.0055117952418174895,0.7784458741707253,0.0897119836450003,0.025835287515282704,0.08585372697572806
1990,plumber,585594.0,0.0007513738187208203,0.008844011379898018,0.8317110489520043,0.07580678763785148,0.009381926727391332,0.07350485148413406
1860,clerk,105.84,0.0,0.0,1.0,0.0,0.0,0.0
1940,inspector,126498.0,0.0,0.0,0.9923318945754083,0.0005533684327024933,0.0,0.0071147369918892
1940,lawyer,171634.0,0.0,0.0010312642017315916,0.9889474113520631,0.003903655452882296,0.0014565878555530955,0.004661081137769906
1870,milliner,26927.319999999985,0.0,0.0,0.9959528092658312,0.0,0.0,0.004047190734168869
2013,bailiff,14682.0,0.010284702356627163,0.03623484538891159,0.7639286200790083,0.08520637515324887,0.00578940198882986,0.0985560550333742
2014,teacher,7029032.0,0.014471124900270763,0.0039893117572946035,0.7685661411130295,0.0869902142997784,0.0289448106083455,0.09703839732128122
2000,guard,1588852.0,0.02203855362236382,0.011102355663082528,0.6015059930062712,0.10350051483712769,0.022893888165795177,0.2389586947053596
2012,upholsterer,48382.0,0.014488859493199951,0.007296101856062172,0.5924517382497623,0.26365177131991235,0.024389235666156837,0.09772229341490637
1850,janitor,315.55,0.0,0.0,0.6656948185707494,0.0,0.0,0.3343051814292505
1920,chemist,33138.729999999996,0.0,0.0,0.9937568518769428,0.0031636698207807004,0.0,0.0030794783022765207
1900,artist,26011.100000000017,0.0,0.0,0.9863531338543929,0.0045757388191964175,0.0015124312312820287,0.007558696095128613
2006,typesetter,61912.0,0.009061248223284663,0.007123013309213076,0.7177606925959427,0.12532303915234527,0.04042834991600982,0.10030365680320455
2001,veterinarian,57585.0,0.008787010506208214,0.0,0.960927324824173,0.014465572631761743,0.011756533819571069,0.004063558218286012
1960,boilermaker,33080.0,0.0006045949214026602,0.0012091898428053204,0.9486094316807738,0.022370012091898428,0.0012091898428053204,0.02599758162031439
1920,millwright,37806.319999999985,0.0,0.0,0.9920955014928722,0.0,0.0,0.007904498507127912
1880,proprietor,702253.5100000006,0.0,2.8508223476163165e-05,0.9812661812113975,0.005415081513796913,0.004640717281712122,0.008649511769617212
1990,doctor,627840.0,0.0006609964322120285,0.001530644750254842,0.8095502038735983,0.04913035168195719,0.10485155453618757,0.034276248725790014
1970,clerical,14480900.0,0.000711281757349336,0.002057883142622351,0.8737371295982984,0.029031344736860278,0.00794840099717559,0.086513959767694
2002,cashier,4246449.0,0.021617591545312332,0.006526394170753022,0.608807735592727,0.15544894098575068,0.05172203881407736,0.1558772988913796
2014,physician,923738.0,0.02290043280670493,0.0010749801350599412,0.6709932903052597,0.06342491052657788,0.19762854835462004,0.043977837871777496
1920,constable,5739.1,0.0,0.0,0.943158334930564,0.03873952361868585,0.0,0.018102141450750116
2015,mechanic,12854246.0,0.015939480230890243,0.005555285000769396,0.5875816442286852,0.21821715563868935,0.046526182865957284,0.12618025203500852
2009,technician,3033279.0,0.016171938024823963,0.005720212351056398,0.7199499287734494,0.08983743335182817,0.06979278859610343,0.09852769890273859
2003,physicist,23930.0,0.019013790221479313,0.0,0.8336397826995403,0.02808190555787714,0.046928541579607186,0.07233597994149603
1960,cabinetmaker,81640.0,0.0004899559039686428,0.0014698677119059284,0.9316511513963743,0.04017638412542871,0.0039196472317491425,0.022292993630573247
2004,carpenter,2026432.0,0.011348024508100938,0.011772909231595238,0.698428568044721,0.20621960174335977,0.01696331285727821,0.05526758361494489
1920,gardener,46616.84000000002,0.0,0.0022667774134840536,0.8788397068527167,0.002174107039430385,0.035263436989723014,0.08145597170464576
2004,broker,2582270.0,0.009239932307620814,0.0031197357363869772,0.7914749425892722,0.07992851251031069,0.0330743880384313,0.08316248881797798
2009,professor,1588689.0,0.016918981625730398,0.002413940047422749,0.764833142295314,0.04943824751099806,0.10606858862873728,0.060327099891797575
2011,guard,1985931.0,0.019851646406647563,0.010909744598377284,0.5479661680088583,0.14756957819783265,0.024514446876553114,0.24918841591173108
2005,carpenter,1981048.0,0.013708905589364821,0.011042135273855051,0.6804585249827364,0.23366924981121104,0.012563552220844725,0.04855763212198796
2008,welder,770504.0,0.010176455930144424,0.009424999740429641,0.6673463083903522,0.19402365205112498,0.025792208736100008,0.09323637515184865
2010,paperhanger,8270.0,0.008706166868198308,0.0,0.8652962515114873,0.08911729141475212,0.010882708585247884,0.02599758162031439
1870,setter,999.99,0.0,0.0,1.0,0.0,0.0,0.0
1880,photographer,10649.630000000012,0.0,0.0,0.989194929776903,0.004225498914046774,0.0009483897562638315,0.005631181552786335
2015,salesperson,2346299.0,0.018433711986409234,0.0028457583624252494,0.7748283573406458,0.08324898062864111,0.06274946202508717,0.0578937296567914
1970,welder,1268300.0,0.0007096112907040921,0.005755736024599858,0.8571315934715761,0.040684380667034614,0.004336513443191674,0.09138216510289364
1910,broker,217510.0,0.0,0.0009240954438876374,0.988947634591513,0.0018389959082341042,0.0,0.008289274056365224
1920,geologist,2123.43,0.0,0.0,1.0,0.0,0.0,0.0
